FemaleID,OilGlobuleVolume,MaternalAge,ParturitionWeek
3142,0.021,14,18
3142,0.013,14,18
3142,0.022,14,18
3142,0.007,14,18
3142,0.024,14,18
3142,0.02,14,18
3142,0.023,14,18
3142,0.01,14,18
3142,0.03,14,18
3142,0.031,14,18
3142,0.01,14,18
3142,0.031,14,18
3142,0.005,14,18
3142,0.025,14,18
3142,0.006,14,18
3142,0.006,14,18
3142,0.034,14,18
3142,0.01,14,18
3145,0.015,17,18
3145,0.01,17,18
3145,0.025,17,18
3145,0.025,17,18
3145,0.027,17,18
3145,0.029,17,18
3145,0.009,17,18
3145,0.018,17,18
3145,0.017,17,18
3145,0.025,17,18
3145,0.025,17,18
3145,0.013,17,18
3145,0.012,17,18
3145,0.03,17,18
3147,0.024,10,18
3147,0.017,10,18
3147,0.003,10,18
3147,0.005,10,18
3147,0.017,10,18
3147,0.013,10,18
3147,0.02,10,18
3147,0.009,10,18
3147,0.017,10,18
3147,0.031,10,18
3147,0.006,10,18
3147,0.012,10,18
3147,0.018,10,18
3147,0.019,10,18
3153,0.025,9,18
3153,0.028,9,18
3153,0.026,9,18
3153,0.022,9,18
3153,0.026,9,18
3153,0.03,9,18
3153,0.037,9,18
3153,0.029,9,18
3153,0.034,9,18
3153,0.023,9,18
3153,0.025,9,18
3153,0.048,9,18
3153,0.048,9,18
3153,0.027,9,18
3172,0.022,11,18
3172,0.015,11,18
3172,0.02,11,18
3172,0.016,11,18
3172,0.039,11,18
3172,0.008,11,18
3172,0.028,11,18
3172,0.01,11,18
3172,0.009,11,18
3172,0.015,11,18
3172,0.019,11,18
3172,0.01,11,18
3172,0.026,11,18
3172,0.016,11,18
3172,0.007,11,18
3172,0.029,11,18
3172,0.016,11,18
3172,0.03,11,18
3172,0.018,11,18
3172,0.024,11,18
3185,0.034,11,18
3185,0.027,11,18
3185,0.029,11,18
3185,0.026,11,18
3185,0.035,11,18
3185,0.029,11,18
3185,0.011,11,18
3185,0.032,11,18
3185,0.015,11,18
3185,0.03,11,18
3185,0.019,11,18
3185,0.015,11,18
3185,0.041,11,18
3185,0.018,11,18
3185,0.029,11,18
3185,0.029,11,18
3185,0.021,11,18
3185,0.036,11,18
3185,0.026,11,18
3185,0.012,11,18
5143,0.017,11,18
5143,0.019,11,18
5143,0.024,11,18
5143,0.019,11,18
5143,0.023,11,18
5143,0.023,11,18
5143,0.024,11,18
5143,0.03,11,18
5143,0.018,11,18
5143,0.016,11,18
5143,0.019,11,18
5143,0.013,11,18
5143,0.018,11,18
5143,0.025,11,18
5143,0.016,11,18
5143,0.021,11,18
5143,0.016,11,18
5143,0.019,11,18
5143,0.016,11,18
5143,0.015,11,18
5145,0.045,18,18
5145,0.044,18,18
5145,0.029,18,18
5145,0.03,18,18
5145,0.054,18,18
5145,0.03,18,18
5145,0.037,18,18
5145,0.031,18,18
5145,0.034,18,18
5145,0.028,18,18
5145,0.032,18,18
5145,0.029,18,18
5145,0.031,18,18
5145,0.022,18,18
5145,0.016,18,18
5145,0.033,18,18
5145,0.037,18,18
5145,0.036,18,18
5145,0.035,18,18
5145,0.042,18,18
6142,0.007,9,20
6142,0.004,9,20
6142,0.004,9,20
6142,0.004,9,20
6142,0.004,9,20
6142,0.005,9,20
6142,0.006,9,20
6142,0.007,9,20
6142,0.006,9,20
6142,0.009,9,20
6142,0.006,9,20
6142,0.004,9,20
6142,0.004,9,20
6142,0.01,9,20
6142,0.004,9,20
6142,0.008,9,20
6142,0.006,9,20
6142,0.006,9,20
6142,0.004,9,20
6142,0.003,9,20
6143,0.014,9,20
6143,0.009,9,20
6143,0.012,9,20
6143,0.005,9,20
6143,0.011,9,20
6143,0.011,9,20
6143,0.009,9,20
6143,0.008,9,20
6143,0.02,9,20
6143,0.013,9,20
6143,0.014,9,20
6143,0.012,9,20
6143,0.006,9,20
6143,0.008,9,20
6143,0.012,9,20
6143,0.01,9,20
6143,0.01,9,20
6143,0.011,9,20
6143,0.018,9,20
6143,0.019,9,20
6150,0.007,10,20
6150,0.008,10,20
6150,0.008,10,20
6150,0.008,10,20
6150,0.007,10,20
6150,0.007,10,20
6150,0.011,10,20
6150,0.01,10,20
6150,0.009,10,20
6150,0.009,10,20
6150,0.015,10,20
6150,0.015,10,20
6150,0.008,10,20
6150,0.013,10,20
6150,0.007,10,20
6150,0.011,10,20
6150,0.017,10,20
6150,0.005,10,20
6150,0.003,10,20
6150,0.004,10,20
6151,0.009,11,20
6151,0.003,11,20
6151,0.005,11,20
6151,0.01,11,20
6151,0.016,11,20
6151,0.001,11,20
6151,0.005,11,20
6151,0.009,11,20
6151,0.008,11,20
6151,0.009,11,20
6151,0.012,11,20
6151,0.009,11,20
6151,0.013,11,20
6151,0.009,11,20
6151,0.007,11,20
6151,0.01,11,20
6154,0.004,12,20
6154,0.008,12,20
6154,0.003,12,20
6154,0.005,12,20
6154,0.005,12,20
6154,0.007,12,20
6154,0.008,12,20
6154,0.005,12,20
6154,0.007,12,20
6154,0.006,12,20
6154,0.008,12,20
6154,0.004,12,20
6154,0.005,12,20
6154,0.004,12,20
6154,0.004,12,20
6154,0.003,12,20
6154,0.004,12,20
6154,0.006,12,20
6154,0.008,12,20
6154,0.007,12,20
6155,0.009,10,20
6155,0.006,10,20
6155,0.012,10,20
6155,0.011,10,20
6155,0.007,10,20
6155,0.015,10,20
6155,0.014,10,20
6155,0.012,10,20
6155,0.011,10,20
6155,0.013,10,20
7142,0.02,31,20
7142,0.022,31,20
7142,0.025,31,20
7142,0.018,31,20
7142,0.025,31,20
7142,0.023,31,20
7142,0.023,31,20
7142,0.021,31,20
7142,0.02,31,20
7142,0.026,31,20
7142,0.02,31,20
7142,0.012,31,20
7142,0.022,31,20
7142,0.024,31,20
7142,0.02,31,20
7142,0.025,31,20
7142,0.021,31,20
7142,0.022,31,20
7142,0.023,31,20
7142,0.019,31,20
7160,0.012,11,20
7160,0.009,11,20
7160,0.013,11,20
7160,0.016,11,20
7160,0.013,11,20
7160,0.016,11,20
7160,0.014,11,20
7160,0.02,11,20
7160,0.008,11,20
7160,0.012,11,20
7160,0.015,11,20
7160,0.019,11,20
7160,0.016,11,20
7160,0.013,11,20
7160,0.02,11,20
7160,0.011,11,20
7160,0.007,11,20
7160,0.018,11,20
7160,0.008,11,20
7160,0.016,11,20
7168,0.014,8,20
7168,0.013,8,20
7168,0.014,8,20
7168,0.011,8,20
7168,0.015,8,20
7168,0.015,8,20
7168,0.014,8,20
7168,0.02,8,20
7168,0.018,8,20
7168,0.021,8,20
7168,0.011,8,20
7168,0.012,8,20
7168,0.017,8,20
7168,0.013,8,20
7168,0.02,8,20
7168,0.013,8,20
7168,0.019,8,20
7168,0.018,8,20
7168,0.015,8,20
7168,0.01,8,20
7171,0.015,11,20
7171,0.018,11,20
7171,0.019,11,20
7171,0.013,11,20
7171,0.008,11,20
7171,0.018,11,20
7171,0.01,11,20
7171,0.011,11,20
7171,0.016,11,20
7171,0.007,11,20
7171,0.007,11,20
7171,0.016,11,20
7171,0.02,11,20
7171,0.013,11,20
7171,0.015,11,20
7171,0.012,11,20
7171,0.013,11,20
7171,0.016,11,20
7171,0.017,11,20
7171,0.016,11,20
7183,0.011,11,20
7183,0.008,11,20
7183,0.008,11,20
7183,0.006,11,20
7183,0.007,11,20
7183,0.007,11,20
7183,0.004,11,20
7183,0.006,11,20
7183,0.013,11,20
7183,0.007,11,20
7183,0.015,11,20
7183,0.01,11,20
7183,0.011,11,20
7183,0.004,11,20
7183,0.01,11,20
7183,0.006,11,20
7183,0.008,11,20
7183,0.011,11,20
7183,0.013,11,20
7183,0.006,11,20
7191,0.01,11,20
7191,0.005,11,20
7191,0.006,11,20
7191,0.005,11,20
7191,0.015,11,20
7191,0.008,11,20
7191,0.005,11,20
7191,0.005,11,20
7191,0.006,11,20
7191,0.007,11,20
7191,0.006,11,20
7191,0.006,11,20
7191,0.006,11,20
7191,0.014,11,20
7191,0.008,11,20
7191,0.006,11,20
7191,0.009,11,20
7191,0.009,11,20
7191,0.005,11,20
7191,0.007,11,20
7213,0.03,14,20
7213,0.018,14,20
7213,0.028,14,20
7213,0.016,14,20
7213,0.027,14,20
7213,0.015,14,20
7213,0.031,14,20
7213,0.025,14,20
7213,0.036,14,20
7213,0.022,14,20
7213,0.016,14,20
7213,0.012,14,20
7213,0.018,14,20
7213,0.012,14,20
7213,0.015,14,20
7213,0.021,14,20
7213,0.02,14,20
7213,0.031,14,20
7213,0.014,14,20
7213,0.015,14,20
8142,0.005,8,22
8142,0.007,8,22
8142,0.011,8,22
8142,0.01,8,22
8142,0.011,8,22
8142,0.004,8,22
8142,0.007,8,22
8142,0.009,8,22
8142,0.005,8,22
8142,0.007,8,22
8142,0.005,8,22
8142,0.004,8,22
8142,0.005,8,22
8142,0.004,8,22
8142,0.006,8,22
8142,0.005,8,22
8142,0.004,8,22
8142,0.004,8,22
8142,0.008,8,22
8142,0.004,8,22
B141,0.017,19,17
B141,0.013,19,17
B141,0.01,19,17
B141,0.011,19,17
B141,0.018,19,17
B141,0.014,19,17
B141,0.02,19,17
B141,0.016,19,17
B141,0.015,19,17
B141,0.018,19,17
B141,0.017,19,17
B141,0.013,19,17
B141,0.008,19,17
B141,0.016,19,17
B141,0.015,19,17
B141,0.01,19,17
B141,0.015,19,17
B141,0.011,19,17
B141,0.015,19,17
B141,0.011,19,17
B145,0.033,23,17
B145,0.03,23,17
B145,0.028,23,17
B145,0.025,23,17
B145,0.033,23,17
B145,0.037,23,17
B145,0.034,23,17
B145,0.041,23,17
B145,0.035,23,17
B145,0.031,23,17
B145,0.027,23,17
B145,0.035,23,17
B145,0.03,23,17
B145,0.033,23,17
B145,0.024,23,17
B145,0.022,23,17
B145,0.027,23,17
B145,0.033,23,17
B145,0.038,23,17
B145,0.027,23,17
B147,0.026,18,17
B147,0.015,18,17
B147,0.015,18,17
B147,0.025,18,17
B147,0.017,18,17
B147,0.022,18,17
B147,0.014,18,17
B147,0.012,18,17
B147,0.011,18,17
B147,0.029,18,17
B147,0.023,18,17
B147,0.02,18,17
B147,0.021,18,17
B147,0.016,18,17
B147,0.014,18,17
B147,0.016,18,17
B147,0.015,18,17
B147,0.015,18,17
B147,0.013,18,17
B147,0.026,18,17
B149,0.041,15,17
B149,0.013,15,17
B149,0.013,15,17
B149,0.04,15,17
B149,0.021,15,17
B149,0.023,15,17
B149,0.02,15,17
B149,0.023,15,17
B149,0.018,15,17
B149,0.016,15,17
B149,0.019,15,17
B149,0.017,15,17
B149,0.021,15,17
B149,0.026,15,17
B149,0.027,15,17
B149,0.028,15,17
B149,0.026,15,17
B149,0.031,15,17
B149,0.022,15,17
B149,0.035,15,17
B153,0.024,19,17
B153,0.026,19,17
B153,0.015,19,17
B153,0.025,19,17
B153,0.018,19,17
B153,0.028,19,17
B153,0.033,19,17
B153,0.021,19,17
B153,0.029,19,17
B153,0.026,19,17
B153,0.02,19,17
B153,0.028,19,17
B153,0.029,19,17
B153,0.033,19,17
B153,0.026,19,17
B153,0.02,19,17
B153,0.03,19,17
B153,0.016,19,17
B153,0.02,19,17
B153,0.022,19,17
B154,0.025,15,17
B154,0.021,15,17
B154,0.023,15,17
B154,0.027,15,17
B154,0.021,15,17
B154,0.023,15,17
B154,0.022,15,17
B154,0.021,15,17
B154,0.025,15,17
B154,0.023,15,17
B154,0.025,15,17
B154,0.02,15,17
B154,0.019,15,17
B154,0.024,15,17
B154,0.021,15,17
B154,0.026,15,17
B154,0.021,15,17
B154,0.023,15,17
B154,0.021,15,17
B154,0.032,15,17
B158,0.026,9,17
B158,0.015,9,17
B158,0.011,9,17
B158,0.008,9,17
B158,0.01,9,17
B158,0.01,9,17
B158,0.011,9,17
B158,0.004,9,17
B158,0.015,9,17
B158,0.013,9,17
B158,0.014,9,17
B158,0.014,9,17
B158,0.015,9,17
B158,0.012,9,17
B158,0.019,9,17
B158,0.015,9,17
B158,0.012,9,17
B158,0.01,9,17
B158,0.012,9,17
B158,0.015,9,17
B197,0.022,16,17
B197,0.026,16,17
B197,0.021,16,17
B197,0.016,16,17
B197,0.016,16,17
B197,0.024,16,17
C141,0.017,19,17
C141,0.033,19,17
C141,0.024,19,17
C141,0.023,19,17
C141,0.025,19,17
C141,0.023,19,17
C141,0.015,19,17
C141,0.019,19,17
C141,0.027,19,17
C141,0.015,19,17
C141,0.019,19,17
C141,0.02,19,17
C141,0.019,19,17
C142,0.02,20,17
C142,0.027,20,17
C142,0.022,20,17
C142,0.021,20,17
C142,0.027,20,17
C142,0.033,20,17
C142,0.031,20,17
C142,0.04,20,17
C142,0.028,20,17
C142,0.029,20,17
C142,0.026,20,17
C142,0.027,20,17
C142,0.024,20,17
C142,0.023,20,17
C142,0.026,20,17
C142,0.028,20,17
C142,0.022,20,17
C142,0.016,20,17
C142,0.021,20,17
C142,0.026,20,17
C148,0.012,12,17
C148,0.014,12,17
C148,0.015,12,17
C148,0.013,12,17
C148,0.012,12,17
C148,0.015,12,17
C148,0.019,12,17
C148,0.027,12,17
C148,0.012,12,17
C148,0.011,12,17
C148,0.013,12,17
C148,0.013,12,17
C148,0.017,12,17
C148,0.015,12,17
C148,0.018,12,17
C148,0.023,12,17
C148,0.028,12,17
C148,0.01,12,17
C148,0.013,12,17
C148,0.023,12,17
C152,0.01,11,17
C152,0.014,11,17
C152,0.015,11,17
C152,0.017,11,17
C152,0.006,11,17
C152,0.012,11,17
C152,0.013,11,17
C152,0.014,11,17
C152,0.008,11,17
C152,0.008,11,17
C152,0.011,11,17
C152,0.009,11,17
C152,0.01,11,17
C152,0.015,11,17
C152,0.016,11,17
C152,0.013,11,17
C152,0.009,11,17
C152,0.009,11,17
C152,0.011,11,17
C152,0.012,11,17
C153,0.019,13,17
C153,0.017,13,17
C153,0.018,13,17
C153,0.013,13,17
C153,0.013,13,17
C153,0.022,13,17
C153,0.019,13,17
C153,0.014,13,17
C153,0.021,13,17
C153,0.02,13,17
C153,0.014,13,17
C153,0.017,13,17
C153,0.023,13,17
C153,0.017,13,17
C153,0.012,13,17
C153,0.016,13,17
C153,0.013,13,17
C153,0.02,13,17
C153,0.018,13,17
C153,0.025,13,17
C154,0.036,13,17
C154,0.025,13,17
C154,0.017,13,17
C154,0.03,13,17
C154,0.026,13,17
C154,0.028,13,17
C154,0.029,13,17
C154,0.014,13,17
C154,0.018,13,17
C154,0.03,13,17
C154,0.028,13,17
C154,0.022,13,17
C154,0.023,13,17
C154,0.026,13,17
C154,0.023,13,17
C154,0.015,13,17
C154,0.017,13,17
C154,0.012,13,17
C154,0.029,13,17
C154,0.02,13,17
C155,0.005,8,17
C155,0.009,8,17
C155,0.005,8,17
C155,0.014,8,17
C155,0.008,8,17
C155,0.011,8,17
C155,0.015,8,17
C155,0.012,8,17
C155,0.008,8,17
C155,0.015,8,17
C155,0.01,8,17
C155,0.016,8,17
C155,0.009,8,17
C155,0.013,8,17
C155,0.011,8,17
C155,0.015,8,17
C155,0.015,8,17
C155,0.015,8,17
C155,0.016,8,17
C155,0.012,8,17
C162,0.006,10,17
C162,0.007,10,17
C162,0.009,10,17
C162,0.005,10,17
C162,0.004,10,17
C162,0.007,10,17
C162,0.009,10,17
C162,0.008,10,17
C162,0.004,10,17
C162,0.005,10,17
C162,0.005,10,17
C162,0.006,10,17
C162,0.008,10,17
C162,0.005,10,17
C162,0.013,10,17
C162,0.008,10,17
C162,0.005,10,17
C162,0.013,10,17
C162,0.011,10,17
C162,0.012,10,17
C163,0.032,26,17
C163,0.024,26,17
C163,0.019,26,17
C163,0.029,26,17
C163,0.023,26,17
C163,0.027,26,17
C163,0.039,26,17
C163,0.034,26,17
C163,0.021,26,17
C163,0.02,26,17
C163,0.024,26,17
C163,0.028,26,17
C163,0.025,26,17
C163,0.033,26,17
C163,0.033,26,17
C163,0.024,26,17
C163,0.04,26,17
C163,0.022,26,17
C163,0.021,26,17
C163,0.026,26,17
C164,0.03,17,17
C164,0.019,17,17
C164,0.037,17,17
C164,0.026,17,17
C164,0.015,17,17
C164,0.021,17,17
C164,0.03,17,17
C164,0.022,17,17
C164,0.027,17,17
C164,0.023,17,17
C164,0.025,17,17
C164,0.032,17,17
C164,0.029,17,17
C164,0.02,17,17
C164,0.026,17,17
C164,0.023,17,17
C164,0.023,17,17
C164,0.03,17,17
C164,0.037,17,17
C164,0.024,17,17
C168,0.025,21,17
C168,0.028,21,17
C168,0.03,21,17
C168,0.021,21,17
C168,0.023,21,17
C168,0.016,21,17
C168,0.026,21,17
C168,0.041,21,17
C168,0.032,21,17
C168,0.028,21,17
C168,0.024,21,17
C168,0.02,21,17
C168,0.034,21,17
C168,0.04,21,17
C168,0.037,21,17
C168,0.026,21,17
C168,0.026,21,17
C168,0.032,21,17
C168,0.021,21,17
C168,0.019,21,17
C170,0.013,13,17
C170,0.011,13,17
C170,0.013,13,17
C170,0.013,13,17
C170,0.02,13,17
C170,0.015,13,17
C170,0.014,13,17
C170,0.02,13,17
C170,0.01,13,17
C170,0.01,13,17
C170,0.012,13,17
C170,0.013,13,17
C170,0.011,13,17
C170,0.021,13,17
C170,0.024,13,17
C170,0.019,13,17
C170,0.012,13,17
C170,0.015,13,17
C170,0.015,13,17
C170,0.011,13,17
C194,0.004,9,17
C194,0.019,9,17
C194,0.022,9,17
C194,0.022,9,17
C194,0.015,9,17
C194,0.016,9,17
C194,0.021,9,17
C194,0.02,9,17
C194,0.007,9,17
C194,0.011,9,17
C194,0.014,9,17
C194,0.013,9,17
C194,0.021,9,17
C194,0.021,9,17
C194,0.013,9,17
C194,0.014,9,17
C194,0.01,9,17
C194,0.018,9,17
C194,0.014,9,17
C194,0.014,9,17
C235,0.023,12,17
C235,0.016,12,17
C235,0.025,12,17
C235,0.023,12,17
C235,0.019,12,17
C235,0.02,12,17
C235,0.024,12,17
C235,0.027,12,17
C235,0.024,12,17
C235,0.021,12,17
C235,0.021,12,17
C235,0.023,12,17
C235,0.029,12,17
C235,0.032,12,17
C235,0.031,12,17
C235,0.022,12,17
C235,0.04,12,17
C235,0.025,12,17
C235,0.028,12,17
C235,0.028,12,17
C252,0.019,16,17
C252,0.021,16,17
C252,0.018,16,17
C252,0.024,16,17
C252,0.039,16,17
C252,0.026,16,17
C252,0.021,16,17
C252,0.029,16,17
C252,0.028,16,17
C252,0.028,16,17
C252,0.016,16,17
C252,0.029,16,17
C252,0.025,16,17
C252,0.02,16,17
C252,0.03,16,17
C252,0.027,16,17
C252,0.026,16,17
C252,0.028,16,17
C252,0.024,16,17
C252,0.027,16,17
C254,0.037,19,17
C254,0.02,19,17
C254,0.036,19,17
C254,0.023,19,17
C254,0.027,19,17
C254,0.028,19,17
C254,0.025,19,17
C254,0.017,19,17
C254,0.022,19,17
C254,0.014,19,17
C254,0.034,19,17
C254,0.026,19,17
C254,0.029,19,17
C254,0.025,19,17
C254,0.016,19,17
C254,0.033,19,17
C254,0.028,19,17
C254,0.02,19,17
C254,0.037,19,17
C254,0.023,19,17
D142,0.014,8,19
D142,0.008,8,19
D142,0.011,8,19
D142,0.019,8,19
D142,0.016,8,19
D142,0.011,8,19
D142,0.013,8,19
D142,0.012,8,19
D142,0.014,8,19
D142,0.025,8,19
D142,0.017,8,19
D142,0.006,8,19
D142,0.018,8,19
D142,0.016,8,19
D142,0.01,8,19
D142,0.018,8,19
D142,0.014,8,19
D142,0.016,8,19
D142,0.009,8,19
D142,0.007,8,19
D143,0.009,9,19
D143,0.008,9,19
D143,0.017,9,19
D143,0.016,9,19
D143,0.016,9,19
D143,0.011,9,19
D143,0.011,9,19
D143,0.006,9,19
D143,0.006,9,19
D143,0.009,9,19
D145,0.011,11,19
D145,0.009,11,19
D145,0.01,11,19
D145,0.01,11,19
D145,0.009,11,19
D145,0.017,11,19
D145,0.012,11,19
D145,0.006,11,19
D145,0.01,11,19
D145,0.009,11,19
D145,0.009,11,19
D145,0.008,11,19
D145,0.011,11,19
D145,0.014,11,19
D145,0.013,11,19
D145,0.009,11,19
D145,0.013,11,19
D145,0.016,11,19
D145,0.014,11,19
D145,0.012,11,19
D164,0.013,9,19
D164,0.01,9,19
D164,0.005,9,19
D164,0.007,9,19
D164,0.007,9,19
D164,0.014,9,19
D164,0.007,9,19
D164,0.013,9,19
D164,0.008,9,19
D164,0.01,9,19
D164,0.003,9,19
D254,0.016,18,19
D254,0.009,18,19
D254,0.013,18,19
D254,0.018,18,19
D254,0.015,18,19
D254,0.014,18,19
D254,0.016,18,19
D254,0.013,18,19
D254,0.016,18,19
D254,0.006,18,19
D254,0.013,18,19
D254,0.017,18,19
D254,0.013,18,19
D254,0.013,18,19
D254,0.016,18,19
D254,0.012,18,19
D254,0.017,18,19
D254,0.017,18,19
D254,0.011,18,19
D254,0.012,18,19
E149,0.005,9,19
E149,0.008,9,19
E149,0.007,9,19
E149,0.007,9,19
E149,0.007,9,19
E149,0.004,9,19
E149,0.009,9,19
E149,0.007,9,19
E149,0.006,9,19
E149,0.008,9,19
E149,0.005,9,19
E149,0.004,9,19
E149,0.008,9,19
E149,0.005,9,19
E149,0.006,9,19
E149,0.012,9,19
E149,0.007,9,19
E149,0.006,9,19
E149,0.005,9,19
E149,0.006,9,19
E154,0.012,20,19
E154,0.012,20,19
E154,0.012,20,19
E154,0.014,20,19
E154,0.013,20,19
E154,0.022,20,19
E154,0.012,20,19
E154,0.016,20,19
E154,0.013,20,19
E154,0.015,20,19
E154,0.017,20,19
E154,0.014,20,19
E154,0.022,20,19
E154,0.015,20,19
E154,0.015,20,19
E154,0.01,20,19
E154,0.017,20,19
E154,0.014,20,19
E154,0.016,20,19
E154,0.014,20,19
F143,0.023,9,21
F143,0.018,9,21
F143,0.015,9,21
F143,0.018,9,21
F143,0.018,9,21
F143,0.022,9,21
F143,0.018,9,21
F143,0.023,9,21
F143,0.023,9,21
F143,0.012,9,21
F143,0.015,9,21
F143,0.014,9,21
F143,0.013,9,21
F143,0.014,9,21
F143,0.013,9,21
F143,0.014,9,21
F143,0.013,9,21
F143,0.017,9,21
F143,0.018,9,21
F143,0.012,9,21
F161,0.007,18,21
F161,0.011,18,21
F161,0.01,18,21
F161,0.007,18,21
F161,0.016,18,21
F161,0.012,18,21
F161,0.011,18,21
F161,0.012,18,21
F161,0.009,18,21
F161,0.008,18,21
F161,0.016,18,21
F161,0.017,18,21
F161,0.02,18,21
F161,0.013,18,21
F161,0.011,18,21
F161,0.016,18,21
F161,0.016,18,21
F161,0.012,18,21
F161,0.012,18,21
F161,0.01,18,21
F162,0.02,19,21
F162,0.029,19,21
F162,0.028,19,21
F162,0.01,19,21
F162,0.014,19,21
F162,0.016,19,21
F162,0.018,19,21
F162,0.012,19,21
F162,0.01,19,21
F162,0.014,19,21
F162,0.011,19,21
F162,0.018,19,21
F162,0.032,19,21
F162,0.01,19,21
F162,0.022,19,21
F162,0.009,19,21
F162,0.038,19,21
F162,0.017,19,21
F162,0.012,19,21
F162,0.039,19,21
F186,0.01,9,21
F186,0.009,9,21
F186,0.011,9,21
F186,0.008,9,21
F186,0.015,9,21
F186,0.015,9,21
F186,0.015,9,21
F186,0.012,9,21
F186,0.018,9,21
F186,0.012,9,21
F186,0.018,9,21
F186,0.02,9,21
F186,0.013,9,21
F186,0.006,9,21
F186,0.008,9,21
F186,0.011,9,21
F186,0.017,9,21
F186,0.018,9,21
F197,0.005,8,21
F197,0.005,8,21
F197,0.006,8,21
F197,0.005,8,21
F197,0.005,8,21
F197,0.003,8,21
F197,0.005,8,21
F197,0.006,8,21
F197,0.005,8,21
F197,0.004,8,21
F197,0.006,8,21
F197,0.004,8,21
F197,0.006,8,21
F197,0.006,8,21
F197,0.005,8,21
F197,0.006,8,21
F197,0.005,8,21
F197,0.005,8,21
F197,0.005,8,21
F197,0.004,8,21
