ID,Year,Week,Timing,Age,Histo_stage ,Mod_4Stg
B-213,2007,17,Early,5,1,1
C-202,2007,17,Early,5,1,1
A-192,2007,16,Early,7,2,2
A-196,2007,16,Early,8,2,2
B-165,2007,17,Early,5,2,2
B-168,2007,17,Early,7,2,2
B-169,2007,17,Early,6,2,2
B-170,2007,17,Early,5,2,2
B-171,2007,17,Early,7,2,2
B-192,2007,17,Early,5,2,2
B-201,2007,17,Early,6,2,2
B-203,2007,17,Early,5,2,2
B-204,2007,17,Early,6,2,2
B-205,2007,17,Early,6,2,2
B-208,2007,17,Early,6,2,2
B-209,2007,17,Early,6,2,2
B-210,2007,17,Early,5,2,2
B-212,2007,17,Early,4,2,2
B-214,2007,17,Early,5,2,2
B-215,2007,17,Early,5,2,2
B-216,2007,17,Early,6,2,2
B-218,2007,17,Early,5,2,2
B-222,2007,17,Early,5,2,2
B-226,2007,17,Early,5,2,2
B-227,2007,17,Early,6,2,2
C-182,2007,17,Early,9,2,2
2-148,2006,18,Early,8,2,2
2-149,2006,18,Early,8,2,2
3-179,2006,18,Early,7,2,2
4-155,2006,18,Early,10,2,2
4-157,2006,18,Early,6,2,2
4-164,2006,18,Early,6,2,2
4-166,2006,18,Early,10,2,2
4-168,2006,18,Early,10,2,2
4-170,2006,18,Early,8,2,2
4-172,2006,18,Early,6,2,2
4-173,2006,18,Early,6,2,2
4-174,2006,18,Early,5,2,2
4-175,2006,18,Early,6,2,2
5-155,2006,18,Early,6,2,2
5-157,2006,18,Early,5,2,2
5-158,2006,18,Early,6,2,2
5-163,2006,18,Early,7,2,2
5-164,2006,18,Early,5,2,2
2-147,2006,18,Early,13,3,2
3-160,2006,18,Early,11,3,2
3-162,2006,18,Early,13,3,2
3-165,2006,18,Early,9,3,2
3-171,2006,18,Early,10,3,2
3-186,2006,18,Early,11,3,2
4-150,2006,18,Early,11,3,2
4-153,2006,18,Early,7,3,2
4-154,2006,18,Early,6,3,2
4-156,2006,18,Early,8,3,2
4-158,2006,18,Early,7,3,2
5-154,2006,18,Early,5,3,2
5-159,2006,18,Early,10,3,2
D-001,2007,19,Early,8,2,2
D-283,2007,19,Early,8,2,2
D-303,2007,19,Early,9,2,2
7-190,2006,20,Late,8,2,2
7-200,2006,20,Late,10,2,2
7-208,2006,20,Late,14,2,2
7-214,2006,20,Late,8,2,2
A103,2008,20,Late,8,2,2
6-144,2006,20,Late,8,3,2
6-164,2006,20,Late,11,3,2
7-199,2006,20,Late,9,3,2
F-157,2007,21,Late,5,2,2
F-158,2007,21,Late,5,2,2
F-159,2007,21,Late,7,2,2
F-160,2007,21,Late,5,2,2
8-149,2006,22,Late,8,2,2
8-150,2006,22,Late,12,2,2
8-158,2006,22,Late,12,2,2
9-150,2006,22,Late,8,2,2
9-154,2006,22,Late,8,2,2
9-155,2006,22,Late,8,2,2
9-156,2006,22,Late,8,2,2
9-159,2006,22,Late,8,2,2
9-163,2006,22,Late,12,2,2
9-165,2006,22,Late,11,2,2
9-168,2006,22,Late,8,2,2
9-174,2006,22,Late,4,2,2
9-177,2006,22,Late,8,2,2
9-178,2006,22,Late,12,2,2
9-181,2006,22,Late,12,2,2
9-183,2006,22,Late,7,2,2
9-185,2006,22,Late,8,2,2
9-186,2006,22,Late,8,2,2
9-187,2006,22,Late,8,2,2
9-189,2006,22,Late,7,2,2
9-213,2006,22,Late,8,2,2
9-216,2006,22,Late,5,2,2
9-220,2006,22,Late,10,2,2
9-235,2006,22,Late,8,2,2
9-237,2006,22,Late,8,2,2
9-240,2006,22,Late,8,2,2
9-250,2006,22,Late,8,2,2
9-251,2006,22,Late,8,2,2
9-255,2006,22,Late,8,2,2
9-257,2006,22,Late,9,2,2
9-259,2006,22,Late,10,2,2
9-261,2006,22,Late,9,2,2
9-265,2006,22,Late,11,2,2
9-267,2006,22,Late,8,2,2
9-269,2006,22,Late,7,2,2
9-275,2006,22,Late,9,2,2
9-278,2006,22,Late,8,2,2
9-281,2006,22,Late,8,2,2
9-282,2006,22,Late,11,2,2
9-283,2006,22,Late,8,2,2
8-154,2006,22,Late,8,3,2
8-156,2006,22,Late,10,3,2
8-157,2006,22,Late,11,3,2
8-159,2006,22,Late,8,3,2
8-163,2006,22,Late,8,3,2
8-166,2006,22,Late,13,3,2
8-167,2006,22,Late,9,3,2
8-176,2006,22,Late,9,3,2
8-178,2006,22,Late,9,3,2
8-179,2006,22,Late,8,3,2
8-181,2006,22,Late,8,3,2
8-182,2006,22,Late,9,3,2
9-149,2006,22,Late,11,3,2
9-152,2006,22,Late,8,3,2
9-160,2006,22,Late,11,3,2
9-166,2006,22,Late,8,3,2
9-197,2006,22,Late,8,3,2
9-210,2006,22,Late,9,3,2
9-260,2006,22,Late,8,3,2
1-142,2006,18,Early,17,4,3
2-150,2006,18,Early,7,4,3
3-170,2006,18,Early,8,5,3
7-227,2006,20,Late,17,4,3
7-196,2006,20,Late,9,5,3
A108,2008,20,Late,11,5,3
A16,2008,20,Late,11,5,3
A-147,2007,16,Early,18,6,4
A-148,2007,16,Early,20,6,4
A-168,2007,16,Early,18,6,4
A-173,2007,16,Early,12,6,4
A-176,2007,16,Early,13,6,4
A-190,2007,16,Early,11,6,4
A-191,2007,16,Early,9,6,4
B-217,2007,17,Early,9,6,4
C-255,2007,17,Early,9,6,4
1-141,2006,18,Early,12,6,4
2-146,2006,18,Early,20,6,4
3-156,2006,18,Early,9,6,4
3-159,2006,18,Early,18,6,4
3-161,2006,18,Early,16,6,4
3-167,2006,18,Early,10,6,4
3-169,2006,18,Early,19,6,4
3-174,2006,18,Early,14,6,4
3-183,2006,18,Early,11,6,4
4-169,2006,18,Early,6,6,4
5-160,2006,18,Early,11,6,4
D-302,2007,19,Early,9,6,4
E-168,2007,19,Early,19,6,4
E-179,2007,19,Early,13,6,4
7-221,2006,20,Late,8,6,4
7-225,2006,20,Late,11,6,4
7-228,2006,20,Late,8,6,4
A102,2008,20,Late,12,6,4
A104,2008,20,Late,15,6,4
A41,2008,20,Late,10,6,4
A68,2008,20,Late,10,6,4
A75,2008,20,Late,14,6,4
A80,2008,20,Late,11,6,4
B159,2008,20,Late,21,6,4
B171,2008,20,Late,21,6,4
B183,2008,20,Late,12,6,4
B186,2008,20,Late,20,6,4
B187,2008,20,Late,26,6,4
B205,2008,20,Late,25,6,4
B216,2008,20,Late,21,6,4
B217,2008,20,Late,10,6,4
B231,2008,20,Late,22,6,4
B252,2008,20,Late,20,6,4
B265,2008,20,Late,16,6,4
B300,2008,20,Late,22,6,4
B306,2008,20,Late,12,6,4
B339,2008,20,Late,22,6,4
F-145,2007,21,Late,18,6,4
F-147,2007,21,Late,9,6,4
F-152,2007,21,Late,12,6,4
F-173,2007,21,Late,12,6,4
8-147,2006,22,Late,11,6,4
8-148,2006,22,Late,10,6,4
8-151,2006,22,Late,22,6,4
8-152,2006,22,Late,10,6,4
8-155,2006,22,Late,18,6,4
8-160,2006,22,Late,14,6,4
8-161,2006,22,Late,9,6,4
8-162,2006,22,Late,9,6,4
8-164,2006,22,Late,13,6,4
8-165,2006,22,Late,12,6,4
8-168,2006,22,Late,9,6,4
8-169,2006,22,Late,16,6,4
8-170,2006,22,Late,13,6,4
8-171,2006,22,Late,23,6,4
8-172,2006,22,Late,15,6,4
8-173,2006,22,Late,11,6,4
8-175,2006,22,Late,11,6,4
8-177,2006,22,Late,10,6,4
9-147,2006,22,Late,11,6,4
9-151,2006,22,Late,9,6,4
9-153,2006,22,Late,8,6,4
9-157,2006,22,Late,12,6,4
9-158,2006,22,Late,13,6,4
9-161,2006,22,Late,11,6,4
9-162,2006,22,Late,13,6,4
9-164,2006,22,Late,7,6,4
9-167,2006,22,Late,8,6,4
9-169,2006,22,Late,8,6,4
9-170,2006,22,Late,11,6,4
9-171,2006,22,Late,11,6,4
9-172,2006,22,Late,10,6,4
9-175,2006,22,Late,12,6,4
9-176,2006,22,Late,12,6,4
9-179,2006,22,Late,15,6,4
9-180,2006,22,Late,10,6,4
9-182,2006,22,Late,12,6,4
9-184,2006,22,Late,8,6,4
9-188,2006,22,Late,10,6,4
9-190,2006,22,Late,11,6,4
9-192,2006,22,Late,12,6,4
9-194,2006,22,Late,11,6,4
9-195,2006,22,Late,7,6,4
9-196,2006,22,Late,10,6,4
9-198,2006,22,Late,10,6,4
9-200,2006,22,Late,12,6,4
9-202,2006,22,Late,8,6,4
9-203,2006,22,Late,8,6,4
9-204,2006,22,Late,11,6,4
9-205,2006,22,Late,11,6,4
9-206,2006,22,Late,9,6,4
9-211,2006,22,Late,8,6,4
9-212,2006,22,Late,8,6,4
9-215,2006,22,Late,12,6,4
9-217,2006,22,Late,11,6,4
9-218,2006,22,Late,12,6,4
9-219,2006,22,Late,10,6,4
9-221,2006,22,Late,9,6,4
9-223,2006,22,Late,10,6,4
9-224,2006,22,Late,11,6,4
9-225,2006,22,Late,11,6,4
9-226,2006,22,Late,8,6,4
9-227,2006,22,Late,15,6,4
9-228,2006,22,Late,8,6,4
9-229,2006,22,Late,8,6,4
9-230,2006,22,Late,14,6,4
9-231,2006,22,Late,11,6,4
9-232,2006,22,Late,8,6,4
9-233,2006,22,Late,9,6,4
9-236,2006,22,Late,8,6,4
9-239,2006,22,Late,11,6,4
9-241,2006,22,Late,8,6,4
9-242,2006,22,Late,10,6,4
9-243,2006,22,Late,10,6,4
9-244,2006,22,Late,11,6,4
9-245,2006,22,Late,13,6,4
9-246,2006,22,Late,11,6,4
9-247,2006,22,Late,14,6,4
9-249,2006,22,Late,8,6,4
9-252,2006,22,Late,8,6,4
9-253,2006,22,Late,14,6,4
9-254,2006,22,Late,12,6,4
9-256,2006,22,Late,14,6,4
9-258,2006,22,Late,8,6,4
9-262,2006,22,Late,7,6,4
9-263,2006,22,Late,8,6,4
9-266,2006,22,Late,10,6,4
9-268,2006,22,Late,10,6,4
9-270,2006,22,Late,8,6,4
9-271,2006,22,Late,11,6,4
9-273,2006,22,Late,11,6,4
9-276,2006,22,Late,11,6,4
9-277,2006,22,Late,8,6,4
9-279,2006,22,Late,8,6,4
9-280,2006,22,Late,10,6,4
3-142,2006,18,Early,14,5,3
3-145,2006,18,Early,17,5,3
3-147,2006,18,Early,10,5,3
3-153,2006,18,Early,9,5,3
3-172,2006,18,Early,11,5,3
3-185,2006,18,Early,11,5,3
5-143,2006,18,Early,11,5,3
5-145,2006,18,Early,18,5,3
6-142,2006,20,Late,9,5,3
6-143,2006,20,Late,9,5,3
6-150,2006,20,Late,10,5,3
6-151,2006,20,Late,11,5,3
6-154,2006,20,Late,12,5,3
6-155,2006,20,Late,10,5,3
7-142,2006,20,Late,31,5,3
7-160,2006,20,Late,11,5,3
7-168,2006,20,Late,8,5,3
7-171,2006,20,Late,11,5,3
7-183,2006,20,Late,11,5,3
7-191,2006,20,Late,11,5,3
7-213,2006,20,Late,14,5,3
8-142,2006,22,Late,8,5,3
B141,2007,17,Early,19,5,3
B145,2007,17,Early,23,5,3
B147,2007,17,Early,18,5,3
B149,2007,17,Early,15,5,3
B153,2007,17,Early,19,5,3
B154,2007,17,Early,15,5,3
B158,2007,17,Early,9,5,3
B197,2007,17,Early,16,5,3
C141,2007,17,Early,19,5,3
C142,2007,17,Early,20,5,3
C148,2007,17,Early,12,5,3
C152,2007,17,Early,11,5,3
C153,2007,17,Early,13,5,3
C154,2007,17,Early,13,5,3
C155,2007,17,Early,8,5,3
C162,2007,17,Early,10,5,3
C163,2007,17,Early,26,5,3
C164,2007,17,Early,17,5,3
C168,2007,17,Early,21,5,3
C170,2007,17,Early,13,5,3
C194,2007,17,Early,9,5,3
C235,2007,17,Early,12,5,3
C252,2007,17,Early,16,5,3
C254,2007,17,Early,19,5,3
D142,2007,19,Early,8,5,3
D143,2007,19,Early,9,5,3
D145,2007,19,Early,11,5,3
D164,2007,19,Early,9,5,3
D254,2007,19,Early,18,5,3
E149,2007,19,Early,9,5,3
E154,2007,19,Early,20,5,3
F143,2007,21,Late,9,5,3
F161,2007,21,Late,18,5,3
F162,2007,21,Late,19,5,3
F186,2007,21,Late,9,5,3
F197,2007,21,Late,8,5,3
